avgs: 0.8143013000000001, 2.8855499599999996, 6.19754076, 11.010136200000002, 18.138915880000003, 76.82642576, 374.2398868
sems: 0.047981640201904256, 0.07684991872338344, 0.13168170496099904, 0.1802275878731081, 0.3840284852592425, 1.3274033618584813, 1.2117035750103178