avgs: 4.2843793, 		4.91582848, 		5.58103188, 		7.05603014, 		9.36244844, 		25.807872840000005, 	115.38860840000002
sems: 0.21674749373440025, 	0.12568874916978573, 	0.08551879867579061, 	0.13899805462452933, 	0.2769077097672956, 	0.305821236834796, 	3.0317026247819734